100
3656
7090
9443
27
9989
3
3403
6736
3996
4664
7296
2138
1466
3327
3577
6
9962
9
11
9891
1
851
9144
884
760
9332
35
355
9852
79
70
303
63
2844
8457
2376
1933
6478
2527
460
9874
62
158
9770
94
3500
9065
4079
286
9001
21
7387
8383
83
5413
6640
2
636
9796
43
6943
9875
5949
504
9021
46
1560
3589
78
2941
5747
25
911
9464
53
754
9099
20
3903
4424
8814
281
9802
81
625
9818
42
123
9800
92
2088
2957
1024
497
9710
36
8785
9037
36
6995
7951
53
3824
3824
3824
26
9866
4
300
9010
71
113
334
5
883
9171
8
16
9898
7
2046
6498
1733
2670
4744
687
109
245
79
5442
7122
9130
611
9791
55
5546
8609
2818
48
495
64
351
9571
90
967
9605
14
1235
5006
6691
2028
3915
4
688
9659
65
430
9802
11
307
9281
1
11
9886
8
954
9068
18
5266
6239
65
827
9507
68
1316
6184
9528
681
9212
32
4792
4792
4792
228
9758
44
839
9914
39
23
9992
10
30
9927
5
6897
9601
3602
7567
9720
9434
1718
3648
3158
4550
8242
27
56
237
1
2716
6299
239
2965
7580
3087
172
9404
8
6781
9573
9116
860
9699
95
568
9201
35
4671
6145
5394
984
9180
7
5604
5604
5604
3
9923
6
463
5050
9095
82
9226
71
4439
5624
74
2273
5082
1511
129
397
61
768
9947
30
349
9958
14
58
9642
41
276
9037
42
530
9764
58
488
4775
8892
196
327
64
180
404
3
329
9119
82
788
9785
3
568
9057
35
2
9908
2
7937
9449
54
937
9530
36
6963
7252
7408
